
data.0
carl: 
228
0 2 1 3 

data.1
carl: 
3026
0 44 29 27 17 24 9 20 5 47 4 12 30 6 1 3 48 10 18 32 45 31 49 41 33 22 46 13 21 28 42 7 8 35 39 16 37 19 15 23 36 38 2 34 11 40 26 43 14 25 

data.2
carl: 
3665
37 0 27 5 21 9 19 34 36 10 20 48 2 28 45 16 42 17 18 12 24 4 46 26 6 31 33 13 25 15 39 43 40 32 7 49 8 44 23 38 1 41 30 11 29 22 47 3 14 35 

data.3
carl: 
3309
21 9 40 17 19 7 5 2 42 18 6 10 20 3 37 8 46 4 38 1 44 36 25 27 26 30 31 28 32 0 29 14 24 49 48 47 11 45 12 43 13 41 23 39 15 16 22 35 34 33 

data.4
carl: 
3191
0 33 38 14 31 25 40 4 45 36 32 16 23 26 20 19 41 42 47 12 28 35 3 5 15 49 9 24 17 1 37 18 27 34 39 8 43 10 48 2 6 29 7 46 30 11 44 22 21 13 

data.5
carl: 
3625
0 43 24 34 27 3 29 44 42 45 9 8 1 39 15 16 2 19 7 26 37 13 5 35 6 20 47 4 36 23 25 46 49 40 22 11 21 12 38 33 17 10 48 14 18 41 31 32 30 28 

data.6
carl: 
3446
18 35 45 3 37 38 4 5 25 2 28 7 39 14 10 8 11 12 48 1 43 27 41 46 9 29 49 22 42 26 34 16 13 36 17 15 44 40 30 31 20 6 23 32 21 24 19 0 33 47 

data.7
carl: 
3821
47 0 40 39 27 45 43 22 33 28 9 37 48 35 14 49 15 20 1 18 34 8 7 41 24 36 6 44 11 19 17 31 25 42 12 5 4 3 30 21 23 16 13 26 38 29 46 2 32 10 

data.8
carl: 
3634
29 48 4 28 36 13 21 7 15 3 10 24 14 18 22 17 34 38 1 27 2 25 46 26 23 41 19 11 9 40 44 33 0 35 32 49 45 42 8 31 43 12 47 6 37 5 20 39 16 30 
